Position(-2.708, 2.807, 0.000), Orientation(0.000, 0.000, -0.166, 0.986)
Position(9.136, 7.457, 0.000), Orientation(0.000, 0.000, 0.358, 0.934)
Position(26.546, 24.660, 0.000), Orientation(0.000, 0.000, 0.425, 0.905)
Position(34.355, 35.298, 0.000), Orientation(0.000, 0.000, 0.473, 0.881)
Position(42.008, 48.980, 0.000), Orientation(0.000, 0.000, 0.415, 0.910)
Position(53.773, 65.013, 0.000), Orientation(0.000, 0.000, 0.487, 0.873)
Position(63.512, 87.783, 0.000), Orientation(0.000, 0.000, 0.884, 0.467)
Position(51.974, 91.650, 0.000), Orientation(0.000, 0.000, 0.928, -0.372)
Position(43.600, 83.871, 0.000), Orientation(0.000, 0.000, 0.920, -0.391)
Position(33.405, 72.589, 0.000), Orientation(0.000, 0.000, 0.942, -0.335)
Position(24.038, 60.600, 0.000), Orientation(0.000, 0.000, -0.650, 0.760)
